Tue_May_24_18:00:40_2016
==============================
Algorithm             : Gibbs
Dataset Name          : Football
# of matches          : 153
# of players          : 18
# of teams            : 18
# of iterations       : 1000
Elapsed time(seconds) : 16
Deviation in proposal : None
Proposals accepted    : None
Proposals rejected    : None

Reel Skills
==============================
0. Wolfsburg - None
1. Werder Bremen - None
2. Bayern Munich - None
3. Darmstadt - None
4. Dortmund - None
5. Ein Frankfurt - None
6. FC Koln - None
7. Hamburg - None
8. Hannover - None
9. Hertha - None
10. Hoffenheim - None
11. Ingolstadt - None
12. Leverkusen - None
13. M'gladbach - None
14. Mainz - None
15. Schalke 04 - None
16. Stuttgart - None
17. Augsburg - None

Skills
==============================
0. Bayern Munich - 42.39
1. Dortmund - 34.28
2. Hertha - 26.73
3. M'gladbach - 23.74
4. Schalke 04 - 22.37
5. Leverkusen - 22.32
6. Wolfsburg - 20.97
7. FC Koln - 19.62
8. Mainz - 19.07
9. Hamburg - 18.88
10. Ingolstadt - 18.80
11. Augsburg - 17.33
12. Darmstadt - 17.30
13. Ein Frankfurt - 17.13
14. Hoffenheim - 15.42
15. Werder Bremen - 13.14
16. Stuttgart - 12.91
17. Hannover - 11.44

TEST
==============================
Hamburg VS. Bayern Munich => -1 ||| W: 0.18, L: 0.72, D: 0.10, Prediction: -1  [O]
FC Koln VS. Stuttgart => -1 ||| W: 0.46, L: 0.31, D: 0.24, Prediction: 1  [X]
Hannover VS. Darmstadt => -1 ||| W: 0.31, L: 0.44, D: 0.25, Prediction: -1  [O]
Hertha VS. Augsburg => 0 ||| W: 0.51, L: 0.29, D: 0.21, Prediction: 1  [X]
Hoffenheim VS. Leverkusen => 0 ||| W: 0.30, L: 0.46, D: 0.23, Prediction: -1  [X]
Ingolstadt VS. Mainz => 1 ||| W: 0.33, L: 0.34, D: 0.33, Prediction: -1  [X]
M'gladbach VS. Dortmund => -1 ||| W: 0.28, L: 0.53, D: 0.19, Prediction: -1  [O]
Ein Frankfurt VS. Wolfsburg => 1 ||| W: 0.32, L: 0.41, D: 0.27, Prediction: -1  [X]
Schalke 04 VS. Werder Bremen => -1 ||| W: 0.50, L: 0.29, D: 0.21, Prediction: 1  [X]
Mainz VS. M'gladbach => 1 ||| W: 0.32, L: 0.42, D: 0.26, Prediction: -1  [X]
Augsburg VS. Ein Frankfurt => 0 ||| W: 0.34, L: 0.33, D: 0.33, Prediction: 1  [X]
Darmstadt VS. Schalke 04 => -1 ||| W: 0.32, L: 0.43, D: 0.26, Prediction: -1  [O]
Dortmund VS. Ingolstadt => 1 ||| W: 0.61, L: 0.24, D: 0.15, Prediction: 1  [O]
Leverkusen VS. Hannover => 1 ||| W: 0.53, L: 0.28, D: 0.19, Prediction: 1  [O]
Stuttgart VS. Hamburg => 1 ||| W: 0.31, L: 0.44, D: 0.24, Prediction: -1  [X]
Werder Bremen VS. Hertha => 0 ||| W: 0.26, L: 0.58, D: 0.17, Prediction: -1  [X]
Bayern Munich VS. Hoffenheim => 1 ||| W: 0.76, L: 0.15, D: 0.09, Prediction: 1  [O]
Wolfsburg VS. FC Koln => 0 ||| W: 0.36, L: 0.33, D: 0.31, Prediction: 1  [X]
M'gladbach VS. Werder Bremen => 1 ||| W: 0.53, L: 0.28, D: 0.19, Prediction: 1  [O]
Ein Frankfurt VS. Stuttgart => -1 ||| W: 0.41, L: 0.32, D: 0.27, Prediction: 1  [X]
Hannover VS. Mainz => -1 ||| W: 0.30, L: 0.47, D: 0.23, Prediction: -1  [O]
Hertha VS. Dortmund => 0 ||| W: 0.30, L: 0.47, D: 0.23, Prediction: -1  [X]
Ingolstadt VS. Augsburg => 1 ||| W: 0.36, L: 0.33, D: 0.31, Prediction: 1  [O]
Leverkusen VS. Bayern Munich => 0 ||| W: 0.20, L: 0.68, D: 0.12, Prediction: -1  [X]
Schalke 04 VS. Wolfsburg => 1 ||| W: 0.36, L: 0.33, D: 0.31, Prediction: 1  [O]
Hamburg VS. FC Koln => 0 ||| W: 0.33, L: 0.35, D: 0.32, Prediction: -1  [X]
Hoffenheim VS. Darmstadt => -1 ||| W: 0.33, L: 0.37, D: 0.30, Prediction: -1  [O]
Mainz VS. Schalke 04 => 1 ||| W: 0.32, L: 0.40, D: 0.28, Prediction: -1  [X]
Darmstadt VS. Leverkusen => -1 ||| W: 0.32, L: 0.43, D: 0.26, Prediction: -1  [O]
Dortmund VS. Hannover => 1 ||| W: 0.71, L: 0.18, D: 0.11, Prediction: 1  [O]
FC Koln VS. Ein Frankfurt => 1 ||| W: 0.38, L: 0.33, D: 0.29, Prediction: 1  [O]
Stuttgart VS. Hertha => 1 ||| W: 0.25, L: 0.58, D: 0.17, Prediction: -1  [X]
Werder Bremen VS. Hoffenheim => 0 ||| W: 0.33, L: 0.38, D: 0.29, Prediction: -1  [X]
Wolfsburg VS. Ingolstadt => 1 ||| W: 0.37, L: 0.33, D: 0.30, Prediction: 1  [O]
Augsburg VS. Bayern Munich => -1 ||| W: 0.16, L: 0.74, D: 0.09, Prediction: -1  [O]
Hamburg VS. M'gladbach => 1 ||| W: 0.32, L: 0.42, D: 0.26, Prediction: -1  [X]
Ein Frankfurt VS. Hamburg => 0 ||| W: 0.33, L: 0.37, D: 0.30, Prediction: -1  [X]
Bayern Munich VS. Darmstadt => 1 ||| W: 0.74, L: 0.16, D: 0.09, Prediction: 1  [O]
Hertha VS. Wolfsburg => 0 ||| W: 0.44, L: 0.31, D: 0.25, Prediction: 1  [X]
Hoffenheim VS. Mainz => 1 ||| W: 0.32, L: 0.40, D: 0.28, Prediction: -1  [X]
Ingolstadt VS. Werder Bremen => 1 ||| W: 0.44, L: 0.31, D: 0.25, Prediction: 1  [O]
M'gladbach VS. FC Koln => 1 ||| W: 0.41, L: 0.32, D: 0.27, Prediction: 1  [O]
Hannover VS. Augsburg => -1 ||| W: 0.31, L: 0.44, D: 0.25, Prediction: -1  [O]
Leverkusen VS. Dortmund => -1 ||| W: 0.27, L: 0.55, D: 0.18, Prediction: -1  [O]
Schalke 04 VS. Stuttgart => 0 ||| W: 0.51, L: 0.29, D: 0.21, Prediction: 1  [X]
FC Koln VS. Hertha => -1 ||| W: 0.30, L: 0.47, D: 0.23, Prediction: -1  [O]
Hamburg VS. Ingolstadt => 0 ||| W: 0.34, L: 0.33, D: 0.33, Prediction: 1  [X]
Stuttgart VS. Hannover => -1 ||| W: 0.36, L: 0.33, D: 0.31, Prediction: 1  [X]
Werder Bremen VS. Darmstadt => 0 ||| W: 0.32, L: 0.41, D: 0.27, Prediction: -1  [X]
Wolfsburg VS. Bayern Munich => -1 ||| W: 0.19, L: 0.69, D: 0.11, Prediction: -1  [O]
Augsburg VS. M'gladbach => 0 ||| W: 0.31, L: 0.45, D: 0.24, Prediction: -1  [X]
Dortmund VS. Hoffenheim => 1 ||| W: 0.66, L: 0.21, D: 0.13, Prediction: 1  [O]
Ein Frankfurt VS. Schalke 04 => 0 ||| W: 0.31, L: 0.43, D: 0.25, Prediction: -1  [X]
Mainz VS. Leverkusen => 1 ||| W: 0.32, L: 0.39, D: 0.28, Prediction: -1  [X]
Hannover VS. Wolfsburg => -1 ||| W: 0.29, L: 0.51, D: 0.20, Prediction: -1  [O]
Ingolstadt VS. FC Koln => 0 ||| W: 0.33, L: 0.35, D: 0.32, Prediction: -1  [X]
Bayern Munich VS. Mainz => -1 ||| W: 0.72, L: 0.18, D: 0.10, Prediction: 1  [X]
Darmstadt VS. Dortmund => -1 ||| W: 0.23, L: 0.63, D: 0.14, Prediction: -1  [O]
Hertha VS. Ein Frankfurt => 1 ||| W: 0.51, L: 0.29, D: 0.20, Prediction: 1  [O]
Hoffenheim VS. Augsburg => 1 ||| W: 0.33, L: 0.37, D: 0.30, Prediction: -1  [X]
Leverkusen VS. Werder Bremen => -1 ||| W: 0.50, L: 0.29, D: 0.21, Prediction: 1  [X]
M'gladbach VS. Stuttgart => 1 ||| W: 0.53, L: 0.28, D: 0.19, Prediction: 1  [O]
Schalke 04 VS. Hamburg => 1 ||| W: 0.40, L: 0.32, D: 0.28, Prediction: 1  [O]
Augsburg VS. Leverkusen => 0 ||| W: 0.32, L: 0.43, D: 0.26, Prediction: -1  [X]
Dortmund VS. Bayern Munich => 0 ||| W: 0.30, L: 0.48, D: 0.22, Prediction: -1  [X]
Ein Frankfurt VS. Ingolstadt => 0 ||| W: 0.33, L: 0.37, D: 0.30, Prediction: -1  [X]
FC Koln VS. Schalke 04 => -1 ||| W: 0.33, L: 0.39, D: 0.29, Prediction: -1  [O]
Stuttgart VS. Hoffenheim => 1 ||| W: 0.33, L: 0.38, D: 0.29, Prediction: -1  [X]
Werder Bremen VS. Hannover => 1 ||| W: 0.37, L: 0.33, D: 0.30, Prediction: 1  [O]
Wolfsburg VS. M'gladbach => 1 ||| W: 0.33, L: 0.39, D: 0.29, Prediction: -1  [X]
Hamburg VS. Hertha => 1 ||| W: 0.30, L: 0.48, D: 0.22, Prediction: -1  [X]
Mainz VS. Darmstadt => 0 ||| W: 0.37, L: 0.33, D: 0.30, Prediction: 1  [X]
Hertha VS. Schalke 04 => 1 ||| W: 0.42, L: 0.32, D: 0.27, Prediction: 1  [O]
Bayern Munich VS. Werder Bremen => 1 ||| W: 0.79, L: 0.14, D: 0.08, Prediction: 1  [O]
Darmstadt VS. Augsburg => 0 ||| W: 0.33, L: 0.34, D: 0.33, Prediction: -1  [X]
Hannover VS. FC Koln => -1 ||| W: 0.30, L: 0.48, D: 0.22, Prediction: -1  [O]
Hoffenheim VS. Wolfsburg => 1 ||| W: 0.31, L: 0.44, D: 0.25, Prediction: -1  [X]
Ingolstadt VS. Stuttgart => 0 ||| W: 0.44, L: 0.31, D: 0.25, Prediction: 1  [X]
M'gladbach VS. Ein Frankfurt => 1 ||| W: 0.46, L: 0.31, D: 0.24, Prediction: 1  [O]
Dortmund VS. Mainz => 1 ||| W: 0.60, L: 0.24, D: 0.15, Prediction: 1  [O]
Leverkusen VS. Hamburg => 1 ||| W: 0.40, L: 0.32, D: 0.28, Prediction: 1  [O]
Schalke 04 VS. M'gladbach => 1 ||| W: 0.33, L: 0.36, D: 0.31, Prediction: -1  [X]
Ein Frankfurt VS. Hannover => 1 ||| W: 0.44, L: 0.31, D: 0.25, Prediction: 1  [O]
FC Koln VS. Bayern Munich => -1 ||| W: 0.18, L: 0.71, D: 0.11, Prediction: -1  [O]
Hamburg VS. Hoffenheim => -1 ||| W: 0.40, L: 0.32, D: 0.28, Prediction: 1  [X]
Hertha VS. Ingolstadt => 1 ||| W: 0.48, L: 0.30, D: 0.22, Prediction: 1  [O]
Werder Bremen VS. Mainz => 0 ||| W: 0.31, L: 0.44, D: 0.25, Prediction: -1  [X]
Wolfsburg VS. Darmstadt => 0 ||| W: 0.40, L: 0.32, D: 0.27, Prediction: 1  [X]
Augsburg VS. Dortmund => -1 ||| W: 0.23, L: 0.63, D: 0.14, Prediction: -1  [O]
Stuttgart VS. Leverkusen => -1 ||| W: 0.29, L: 0.51, D: 0.21, Prediction: -1  [O]
Leverkusen VS. Wolfsburg => 1 ||| W: 0.36, L: 0.33, D: 0.31, Prediction: 1  [O]
Bayern Munich VS. Ein Frankfurt => 1 ||| W: 0.74, L: 0.16, D: 0.09, Prediction: 1  [O]
Darmstadt VS. Stuttgart => 0 ||| W: 0.42, L: 0.32, D: 0.26, Prediction: 1  [X]
Dortmund VS. Werder Bremen => 1 ||| W: 0.69, L: 0.19, D: 0.11, Prediction: 1  [O]
Hannover VS. Hamburg => -1 ||| W: 0.30, L: 0.47, D: 0.23, Prediction: -1  [O]
Ingolstadt VS. Schalke 04 => 1 ||| W: 0.32, L: 0.40, D: 0.28, Prediction: -1  [X]
Mainz VS. Augsburg => 1 ||| W: 0.37, L: 0.33, D: 0.30, Prediction: 1  [O]
Hoffenheim VS. FC Koln => 0 ||| W: 0.32, L: 0.41, D: 0.27, Prediction: -1  [X]
M'gladbach VS. Hertha => 1 ||| W: 0.33, L: 0.39, D: 0.28, Prediction: -1  [X]
Hertha VS. Hannover => 0 ||| W: 0.60, L: 0.24, D: 0.15, Prediction: 1  [X]
Ein Frankfurt VS. Hoffenheim => -1 ||| W: 0.37, L: 0.33, D: 0.30, Prediction: 1  [X]
Hamburg VS. Darmstadt => -1 ||| W: 0.36, L: 0.33, D: 0.31, Prediction: 1  [X]
Ingolstadt VS. M'gladbach => 1 ||| W: 0.32, L: 0.43, D: 0.26, Prediction: -1  [X]
Stuttgart VS. Bayern Munich => -1 ||| W: 0.13, L: 0.79, D: 0.08, Prediction: -1  [O]
Werder Bremen VS. Augsburg => -1 ||| W: 0.32, L: 0.41, D: 0.27, Prediction: -1  [O]
Wolfsburg VS. Mainz => 0 ||| W: 0.37, L: 0.33, D: 0.30, Prediction: 1  [X]
FC Koln VS. Leverkusen => -1 ||| W: 0.33, L: 0.38, D: 0.29, Prediction: -1  [O]
Schalke 04 VS. Dortmund => 0 ||| W: 0.27, L: 0.55, D: 0.18, Prediction: -1  [X]
Hannover VS. M'gladbach => 1 ||| W: 0.27, L: 0.56, D: 0.18, Prediction: -1  [X]
Augsburg VS. Stuttgart => 1 ||| W: 0.42, L: 0.32, D: 0.26, Prediction: 1  [O]
Bayern Munich VS. Schalke 04 => 1 ||| W: 0.68, L: 0.20, D: 0.12, Prediction: 1  [O]
Darmstadt VS. Ingolstadt => 1 ||| W: 0.33, L: 0.36, D: 0.31, Prediction: -1  [X]
Hoffenheim VS. Hertha => 1 ||| W: 0.27, L: 0.54, D: 0.19, Prediction: -1  [X]
Leverkusen VS. Ein Frankfurt => 1 ||| W: 0.43, L: 0.32, D: 0.25, Prediction: 1  [O]
Werder Bremen VS. Wolfsburg => 1 ||| W: 0.30, L: 0.48, D: 0.22, Prediction: -1  [X]
Dortmund VS. Hamburg => 1 ||| W: 0.61, L: 0.24, D: 0.15, Prediction: 1  [O]
Mainz VS. FC Koln => -1 ||| W: 0.33, L: 0.35, D: 0.32, Prediction: -1  [O]
Hamburg VS. Werder Bremen => 1 ||| W: 0.44, L: 0.31, D: 0.25, Prediction: 1  [O]
FC Koln VS. Darmstadt => 1 ||| W: 0.38, L: 0.33, D: 0.29, Prediction: 1  [O]
Hertha VS. Bayern Munich => -1 ||| W: 0.24, L: 0.61, D: 0.15, Prediction: -1  [O]
Ingolstadt VS. Hannover => 0 ||| W: 0.47, L: 0.30, D: 0.23, Prediction: 1  [X]
Schalke 04 VS. Leverkusen => -1 ||| W: 0.34, L: 0.33, D: 0.33, Prediction: 1  [X]
Stuttgart VS. Dortmund => -1 ||| W: 0.19, L: 0.69, D: 0.11, Prediction: -1  [O]
Wolfsburg VS. Augsburg => -1 ||| W: 0.40, L: 0.32, D: 0.28, Prediction: 1  [X]
Ein Frankfurt VS. Mainz => 1 ||| W: 0.33, L: 0.37, D: 0.30, Prediction: -1  [X]
M'gladbach VS. Hoffenheim => 1 ||| W: 0.49, L: 0.30, D: 0.22, Prediction: 1  [O]
Augsburg VS. FC Koln => 0 ||| W: 0.33, L: 0.38, D: 0.29, Prediction: -1  [X]
Bayern Munich VS. M'gladbach => 0 ||| W: 0.66, L: 0.21, D: 0.13, Prediction: 1  [X]
Darmstadt VS. Ein Frankfurt => -1 ||| W: 0.34, L: 0.33, D: 0.33, Prediction: 1  [X]
Dortmund VS. Wolfsburg => 1 ||| W: 0.57, L: 0.26, D: 0.17, Prediction: 1  [O]
Hannover VS. Schalke 04 => -1 ||| W: 0.28, L: 0.53, D: 0.19, Prediction: -1  [O]
Hoffenheim VS. Ingolstadt => 1 ||| W: 0.32, L: 0.40, D: 0.28, Prediction: -1  [X]
Leverkusen VS. Hertha => 1 ||| W: 0.32, L: 0.42, D: 0.26, Prediction: -1  [X]
Mainz VS. Hamburg => 0 ||| W: 0.34, L: 0.33, D: 0.33, Prediction: 1  [X]
Werder Bremen VS. Stuttgart => 1 ||| W: 0.34, L: 0.33, D: 0.33, Prediction: 1  [O]
Ein Frankfurt VS. Dortmund => 1 ||| W: 0.23, L: 0.63, D: 0.14, Prediction: -1  [X]
FC Koln VS. Werder Bremen => 0 ||| W: 0.45, L: 0.31, D: 0.24, Prediction: 1  [X]
Hamburg VS. Wolfsburg => -1 ||| W: 0.33, L: 0.37, D: 0.30, Prediction: -1  [O]
Hannover VS. Hoffenheim => 1 ||| W: 0.32, L: 0.41, D: 0.27, Prediction: -1  [X]
Hertha VS. Darmstadt => -1 ||| W: 0.51, L: 0.29, D: 0.21, Prediction: 1  [X]
Ingolstadt VS. Bayern Munich => -1 ||| W: 0.18, L: 0.72, D: 0.10, Prediction: -1  [O]
M'gladbach VS. Leverkusen => 1 ||| W: 0.36, L: 0.33, D: 0.31, Prediction: 1  [O]
Schalke 04 VS. Augsburg => 0 ||| W: 0.43, L: 0.32, D: 0.26, Prediction: 1  [X]
Stuttgart VS. Mainz => -1 ||| W: 0.31, L: 0.45, D: 0.24, Prediction: -1  [O]
Augsburg VS. Hamburg => -1 ||| W: 0.33, L: 0.36, D: 0.31, Prediction: -1  [O]
Bayern Munich VS. Hannover => 1 ||| W: 0.80, L: 0.13, D: 0.07, Prediction: 1  [O]
Darmstadt VS. M'gladbach => -1 ||| W: 0.31, L: 0.45, D: 0.24, Prediction: -1  [O]
Dortmund VS. FC Koln => 0 ||| W: 0.59, L: 0.25, D: 0.16, Prediction: 1  [X]
Hoffenheim VS. Schalke 04 => -1 ||| W: 0.30, L: 0.46, D: 0.23, Prediction: -1  [O]
Leverkusen VS. Ingolstadt => 1 ||| W: 0.40, L: 0.32, D: 0.28, Prediction: 1  [O]
Mainz VS. Hertha => 0 ||| W: 0.30, L: 0.48, D: 0.22, Prediction: -1  [X]
Werder Bremen VS. Ein Frankfurt => 1 ||| W: 0.32, L: 0.41, D: 0.27, Prediction: -1  [X]
Wolfsburg VS. Stuttgart => 1 ||| W: 0.48, L: 0.30, D: 0.22, Prediction: 1  [O]

Correct: 74.0  Incorrect: 79.0 Percentage: 48.3660130719
Mean of Expected : 0.473911892707



-x--x--x--x--x--x--x--x--x--x--x--x--x--x--x-


Tue_May_24_18:00:40_2016
==============================
Algorithm             : Metropolis
Dataset Name          : Football
# of matches          : 153
# of players          : 18
# of teams            : 18
# of iterations       : 2000
Elapsed time(seconds) : 14
Deviation in proposal : 1.8
Proposals accepted    : 955.0
Proposals rejected    : 1045.0

Reel Skills
==============================
0. Wolfsburg - None
1. Werder Bremen - None
2. Bayern Munich - None
3. Darmstadt - None
4. Dortmund - None
5. Ein Frankfurt - None
6. FC Koln - None
7. Hamburg - None
8. Hannover - None
9. Hertha - None
10. Hoffenheim - None
11. Ingolstadt - None
12. Leverkusen - None
13. M'gladbach - None
14. Mainz - None
15. Schalke 04 - None
16. Stuttgart - None
17. Augsburg - None

Skills
==============================
0. Bayern Munich - 45.14
1. Dortmund - 40.82
2. Hertha - 30.06
3. Schalke 04 - 25.55
4. Leverkusen - 24.21
5. M'gladbach - 24.19
6. Wolfsburg - 20.51
7. FC Koln - 19.36
8. Ingolstadt - 19.29
9. Hamburg - 19.26
10. Darmstadt - 18.70
11. Augsburg - 18.41
12. Mainz - 18.34
13. Ein Frankfurt - 17.72
14. Hoffenheim - 14.25
15. Stuttgart - 10.78
16. Werder Bremen - 9.71
17. Hannover - 8.31

TEST
==============================
Hamburg VS. Bayern Munich => -1 ||| W: 0.16, L: 0.75, D: 0.09, Prediction: -1  [O]
FC Koln VS. Stuttgart => -1 ||| W: 0.49, L: 0.29, D: 0.21, Prediction: 1  [X]
Hannover VS. Darmstadt => -1 ||| W: 0.28, L: 0.52, D: 0.20, Prediction: -1  [O]
Hertha VS. Augsburg => 0 ||| W: 0.54, L: 0.27, D: 0.18, Prediction: 1  [X]
Hoffenheim VS. Leverkusen => 0 ||| W: 0.28, L: 0.52, D: 0.20, Prediction: -1  [X]
Ingolstadt VS. Mainz => 1 ||| W: 0.35, L: 0.33, D: 0.31, Prediction: 1  [O]
M'gladbach VS. Dortmund => -1 ||| W: 0.23, L: 0.63, D: 0.14, Prediction: -1  [O]
Ein Frankfurt VS. Wolfsburg => 1 ||| W: 0.33, L: 0.39, D: 0.29, Prediction: -1  [X]
Schalke 04 VS. Werder Bremen => -1 ||| W: 0.61, L: 0.24, D: 0.15, Prediction: 1  [X]
Mainz VS. M'gladbach => 1 ||| W: 0.31, L: 0.44, D: 0.25, Prediction: -1  [X]
Augsburg VS. Ein Frankfurt => 0 ||| W: 0.35, L: 0.33, D: 0.32, Prediction: 1  [X]
Darmstadt VS. Schalke 04 => -1 ||| W: 0.31, L: 0.46, D: 0.23, Prediction: -1  [O]
Dortmund VS. Ingolstadt => 1 ||| W: 0.70, L: 0.19, D: 0.11, Prediction: 1  [O]
Leverkusen VS. Hannover => 1 ||| W: 0.61, L: 0.24, D: 0.15, Prediction: 1  [O]
Stuttgart VS. Hamburg => 1 ||| W: 0.29, L: 0.49, D: 0.22, Prediction: -1  [X]
Werder Bremen VS. Hertha => 0 ||| W: 0.20, L: 0.68, D: 0.12, Prediction: -1  [X]
Bayern Munich VS. Hoffenheim => 1 ||| W: 0.80, L: 0.13, D: 0.07, Prediction: 1  [O]
Wolfsburg VS. FC Koln => 0 ||| W: 0.36, L: 0.33, D: 0.31, Prediction: 1  [X]
M'gladbach VS. Werder Bremen => 1 ||| W: 0.59, L: 0.25, D: 0.16, Prediction: 1  [O]
Ein Frankfurt VS. Stuttgart => -1 ||| W: 0.46, L: 0.30, D: 0.23, Prediction: 1  [X]
Hannover VS. Mainz => -1 ||| W: 0.28, L: 0.52, D: 0.20, Prediction: -1  [O]
Hertha VS. Dortmund => 0 ||| W: 0.28, L: 0.53, D: 0.19, Prediction: -1  [X]
Ingolstadt VS. Augsburg => 1 ||| W: 0.35, L: 0.33, D: 0.32, Prediction: 1  [O]
Leverkusen VS. Bayern Munich => 0 ||| W: 0.20, L: 0.69, D: 0.12, Prediction: -1  [X]
Schalke 04 VS. Wolfsburg => 1 ||| W: 0.43, L: 0.32, D: 0.26, Prediction: 1  [O]
Hamburg VS. FC Koln => 0 ||| W: 0.33, L: 0.34, D: 0.33, Prediction: -1  [X]
Hoffenheim VS. Darmstadt => -1 ||| W: 0.32, L: 0.42, D: 0.26, Prediction: -1  [O]
Mainz VS. Schalke 04 => 1 ||| W: 0.30, L: 0.47, D: 0.23, Prediction: -1  [X]
Darmstadt VS. Leverkusen => -1 ||| W: 0.31, L: 0.44, D: 0.25, Prediction: -1  [O]
Dortmund VS. Hannover => 1 ||| W: 0.82, L: 0.12, D: 0.06, Prediction: 1  [O]
FC Koln VS. Ein Frankfurt => 1 ||| W: 0.37, L: 0.33, D: 0.30, Prediction: 1  [O]
Stuttgart VS. Hertha => 1 ||| W: 0.21, L: 0.66, D: 0.13, Prediction: -1  [X]
Werder Bremen VS. Hoffenheim => 0 ||| W: 0.32, L: 0.42, D: 0.26, Prediction: -1  [X]
Wolfsburg VS. Ingolstadt => 1 ||| W: 0.36, L: 0.33, D: 0.31, Prediction: 1  [O]
Augsburg VS. Bayern Munich => -1 ||| W: 0.15, L: 0.76, D: 0.09, Prediction: -1  [O]
Hamburg VS. M'gladbach => 1 ||| W: 0.32, L: 0.43, D: 0.26, Prediction: -1  [X]
Ein Frankfurt VS. Hamburg => 0 ||| W: 0.33, L: 0.36, D: 0.31, Prediction: -1  [X]
Bayern Munich VS. Darmstadt => 1 ||| W: 0.76, L: 0.15, D: 0.09, Prediction: 1  [O]
Hertha VS. Wolfsburg => 0 ||| W: 0.51, L: 0.29, D: 0.20, Prediction: 1  [X]
Hoffenheim VS. Mainz => 1 ||| W: 0.32, L: 0.41, D: 0.27, Prediction: -1  [X]
Ingolstadt VS. Werder Bremen => 1 ||| W: 0.51, L: 0.29, D: 0.20, Prediction: 1  [O]
M'gladbach VS. FC Koln => 1 ||| W: 0.42, L: 0.32, D: 0.26, Prediction: 1  [O]
Hannover VS. Augsburg => -1 ||| W: 0.28, L: 0.52, D: 0.20, Prediction: -1  [O]
Leverkusen VS. Dortmund => -1 ||| W: 0.23, L: 0.63, D: 0.14, Prediction: -1  [O]
Schalke 04 VS. Stuttgart => 0 ||| W: 0.60, L: 0.25, D: 0.16, Prediction: 1  [X]
FC Koln VS. Hertha => -1 ||| W: 0.28, L: 0.53, D: 0.19, Prediction: -1  [O]
Hamburg VS. Ingolstadt => 0 ||| W: 0.33, L: 0.34, D: 0.33, Prediction: -1  [X]
Stuttgart VS. Hannover => -1 ||| W: 0.38, L: 0.33, D: 0.29, Prediction: 1  [X]
Werder Bremen VS. Darmstadt => 0 ||| W: 0.29, L: 0.50, D: 0.21, Prediction: -1  [X]
Wolfsburg VS. Bayern Munich => -1 ||| W: 0.17, L: 0.74, D: 0.10, Prediction: -1  [O]
Augsburg VS. M'gladbach => 0 ||| W: 0.31, L: 0.44, D: 0.25, Prediction: -1  [X]
Dortmund VS. Hoffenheim => 1 ||| W: 0.76, L: 0.15, D: 0.09, Prediction: 1  [O]
Ein Frankfurt VS. Schalke 04 => 0 ||| W: 0.30, L: 0.48, D: 0.22, Prediction: -1  [X]
Mainz VS. Leverkusen => 1 ||| W: 0.31, L: 0.44, D: 0.25, Prediction: -1  [X]
Hannover VS. Wolfsburg => -1 ||| W: 0.27, L: 0.55, D: 0.18, Prediction: -1  [O]
Ingolstadt VS. FC Koln => 0 ||| W: 0.33, L: 0.34, D: 0.33, Prediction: -1  [X]
Bayern Munich VS. Mainz => -1 ||| W: 0.76, L: 0.15, D: 0.09, Prediction: 1  [X]
Darmstadt VS. Dortmund => -1 ||| W: 0.19, L: 0.70, D: 0.11, Prediction: -1  [O]
Hertha VS. Ein Frankfurt => 1 ||| W: 0.56, L: 0.27, D: 0.18, Prediction: 1  [O]
Hoffenheim VS. Augsburg => 1 ||| W: 0.32, L: 0.41, D: 0.27, Prediction: -1  [X]
Leverkusen VS. Werder Bremen => -1 ||| W: 0.59, L: 0.25, D: 0.16, Prediction: 1  [X]
M'gladbach VS. Stuttgart => 1 ||| W: 0.57, L: 0.26, D: 0.17, Prediction: 1  [O]
Schalke 04 VS. Hamburg => 1 ||| W: 0.45, L: 0.31, D: 0.24, Prediction: 1  [O]
Augsburg VS. Leverkusen => 0 ||| W: 0.31, L: 0.44, D: 0.25, Prediction: -1  [X]
Dortmund VS. Bayern Munich => 0 ||| W: 0.32, L: 0.41, D: 0.27, Prediction: -1  [X]
Ein Frankfurt VS. Ingolstadt => 0 ||| W: 0.33, L: 0.36, D: 0.31, Prediction: -1  [X]
FC Koln VS. Schalke 04 => -1 ||| W: 0.31, L: 0.45, D: 0.24, Prediction: -1  [O]
Stuttgart VS. Hoffenheim => 1 ||| W: 0.32, L: 0.40, D: 0.28, Prediction: -1  [X]
Werder Bremen VS. Hannover => 1 ||| W: 0.36, L: 0.33, D: 0.31, Prediction: 1  [O]
Wolfsburg VS. M'gladbach => 1 ||| W: 0.32, L: 0.40, D: 0.27, Prediction: -1  [X]
Hamburg VS. Hertha => 1 ||| W: 0.28, L: 0.53, D: 0.19, Prediction: -1  [X]
Mainz VS. Darmstadt => 0 ||| W: 0.33, L: 0.34, D: 0.32, Prediction: -1  [X]
Hertha VS. Schalke 04 => 1 ||| W: 0.42, L: 0.32, D: 0.26, Prediction: 1  [O]
Bayern Munich VS. Werder Bremen => 1 ||| W: 0.84, L: 0.10, D: 0.06, Prediction: 1  [O]
Darmstadt VS. Augsburg => 0 ||| W: 0.34, L: 0.33, D: 0.33, Prediction: 1  [X]
Hannover VS. FC Koln => -1 ||| W: 0.28, L: 0.53, D: 0.19, Prediction: -1  [O]
Hoffenheim VS. Wolfsburg => 1 ||| W: 0.31, L: 0.45, D: 0.24, Prediction: -1  [X]
Ingolstadt VS. Stuttgart => 0 ||| W: 0.49, L: 0.29, D: 0.22, Prediction: 1  [X]
M'gladbach VS. Ein Frankfurt => 1 ||| W: 0.45, L: 0.31, D: 0.24, Prediction: 1  [O]
Dortmund VS. Mainz => 1 ||| W: 0.71, L: 0.18, D: 0.11, Prediction: 1  [O]
Leverkusen VS. Hamburg => 1 ||| W: 0.43, L: 0.32, D: 0.26, Prediction: 1  [O]
Schalke 04 VS. M'gladbach => 1 ||| W: 0.36, L: 0.33, D: 0.31, Prediction: 1  [O]
Ein Frankfurt VS. Hannover => 1 ||| W: 0.51, L: 0.29, D: 0.21, Prediction: 1  [O]
FC Koln VS. Bayern Munich => -1 ||| W: 0.16, L: 0.75, D: 0.09, Prediction: -1  [O]
Hamburg VS. Hoffenheim => -1 ||| W: 0.43, L: 0.32, D: 0.26, Prediction: 1  [X]
Hertha VS. Ingolstadt => 1 ||| W: 0.53, L: 0.28, D: 0.19, Prediction: 1  [O]
Werder Bremen VS. Mainz => 0 ||| W: 0.29, L: 0.49, D: 0.21, Prediction: -1  [X]
Wolfsburg VS. Darmstadt => 0 ||| W: 0.37, L: 0.33, D: 0.30, Prediction: 1  [X]
Augsburg VS. Dortmund => -1 ||| W: 0.18, L: 0.71, D: 0.11, Prediction: -1  [O]
Stuttgart VS. Leverkusen => -1 ||| W: 0.26, L: 0.57, D: 0.17, Prediction: -1  [O]
Leverkusen VS. Wolfsburg => 1 ||| W: 0.40, L: 0.32, D: 0.27, Prediction: 1  [O]
Bayern Munich VS. Ein Frankfurt => 1 ||| W: 0.77, L: 0.15, D: 0.08, Prediction: 1  [O]
Darmstadt VS. Stuttgart => 0 ||| W: 0.48, L: 0.30, D: 0.22, Prediction: 1  [X]
Dortmund VS. Werder Bremen => 1 ||| W: 0.81, L: 0.12, D: 0.07, Prediction: 1  [O]
Hannover VS. Hamburg => -1 ||| W: 0.28, L: 0.53, D: 0.19, Prediction: -1  [O]
Ingolstadt VS. Schalke 04 => 1 ||| W: 0.31, L: 0.45, D: 0.24, Prediction: -1  [X]
Mainz VS. Augsburg => 1 ||| W: 0.33, L: 0.34, D: 0.33, Prediction: -1  [X]
Hoffenheim VS. FC Koln => 0 ||| W: 0.32, L: 0.43, D: 0.26, Prediction: -1  [X]
M'gladbach VS. Hertha => 1 ||| W: 0.31, L: 0.44, D: 0.25, Prediction: -1  [X]
Hertha VS. Hannover => 0 ||| W: 0.70, L: 0.19, D: 0.11, Prediction: 1  [X]
Ein Frankfurt VS. Hoffenheim => -1 ||| W: 0.40, L: 0.32, D: 0.28, Prediction: 1  [X]
Hamburg VS. Darmstadt => -1 ||| W: 0.35, L: 0.33, D: 0.32, Prediction: 1  [X]
Ingolstadt VS. M'gladbach => 1 ||| W: 0.32, L: 0.43, D: 0.26, Prediction: -1  [X]
Stuttgart VS. Bayern Munich => -1 ||| W: 0.11, L: 0.83, D: 0.06, Prediction: -1  [O]
Werder Bremen VS. Augsburg => -1 ||| W: 0.29, L: 0.49, D: 0.21, Prediction: -1  [O]
Wolfsburg VS. Mainz => 0 ||| W: 0.37, L: 0.33, D: 0.30, Prediction: 1  [X]
FC Koln VS. Leverkusen => -1 ||| W: 0.32, L: 0.42, D: 0.26, Prediction: -1  [O]
Schalke 04 VS. Dortmund => 0 ||| W: 0.24, L: 0.60, D: 0.15, Prediction: -1  [X]
Hannover VS. M'gladbach => 1 ||| W: 0.24, L: 0.61, D: 0.15, Prediction: -1  [X]
Augsburg VS. Stuttgart => 1 ||| W: 0.47, L: 0.30, D: 0.23, Prediction: 1  [O]
Bayern Munich VS. Schalke 04 => 1 ||| W: 0.67, L: 0.21, D: 0.12, Prediction: 1  [O]
Darmstadt VS. Ingolstadt => 1 ||| W: 0.33, L: 0.35, D: 0.32, Prediction: -1  [X]
Hoffenheim VS. Hertha => 1 ||| W: 0.24, L: 0.61, D: 0.15, Prediction: -1  [X]
Leverkusen VS. Ein Frankfurt => 1 ||| W: 0.45, L: 0.31, D: 0.24, Prediction: 1  [O]
Werder Bremen VS. Wolfsburg => 1 ||| W: 0.28, L: 0.53, D: 0.19, Prediction: -1  [X]
Dortmund VS. Hamburg => 1 ||| W: 0.70, L: 0.19, D: 0.11, Prediction: 1  [O]
Mainz VS. FC Koln => -1 ||| W: 0.33, L: 0.35, D: 0.31, Prediction: -1  [O]
Hamburg VS. Werder Bremen => 1 ||| W: 0.51, L: 0.29, D: 0.20, Prediction: 1  [O]
FC Koln VS. Darmstadt => 1 ||| W: 0.35, L: 0.33, D: 0.32, Prediction: 1  [O]
Hertha VS. Bayern Munich => -1 ||| W: 0.24, L: 0.60, D: 0.16, Prediction: -1  [O]
Ingolstadt VS. Hannover => 0 ||| W: 0.53, L: 0.28, D: 0.19, Prediction: 1  [X]
Schalke 04 VS. Leverkusen => -1 ||| W: 0.36, L: 0.33, D: 0.31, Prediction: 1  [X]
Stuttgart VS. Dortmund => -1 ||| W: 0.13, L: 0.80, D: 0.07, Prediction: -1  [O]
Wolfsburg VS. Augsburg => -1 ||| W: 0.37, L: 0.33, D: 0.30, Prediction: 1  [X]
Ein Frankfurt VS. Mainz => 1 ||| W: 0.33, L: 0.35, D: 0.32, Prediction: -1  [X]
M'gladbach VS. Hoffenheim => 1 ||| W: 0.52, L: 0.28, D: 0.20, Prediction: 1  [O]
Augsburg VS. FC Koln => 0 ||| W: 0.33, L: 0.35, D: 0.31, Prediction: -1  [X]
Bayern Munich VS. M'gladbach => 0 ||| W: 0.69, L: 0.20, D: 0.12, Prediction: 1  [X]
Darmstadt VS. Ein Frankfurt => -1 ||| W: 0.35, L: 0.33, D: 0.31, Prediction: 1  [X]
Dortmund VS. Wolfsburg => 1 ||| W: 0.68, L: 0.20, D: 0.12, Prediction: 1  [O]
Hannover VS. Schalke 04 => -1 ||| W: 0.23, L: 0.63, D: 0.14, Prediction: -1  [O]
Hoffenheim VS. Ingolstadt => 1 ||| W: 0.32, L: 0.43, D: 0.26, Prediction: -1  [X]
Leverkusen VS. Hertha => 1 ||| W: 0.31, L: 0.44, D: 0.25, Prediction: -1  [X]
Mainz VS. Hamburg => 0 ||| W: 0.33, L: 0.35, D: 0.32, Prediction: -1  [X]
Werder Bremen VS. Stuttgart => 1 ||| W: 0.33, L: 0.35, D: 0.31, Prediction: -1  [X]
Ein Frankfurt VS. Dortmund => 1 ||| W: 0.18, L: 0.72, D: 0.10, Prediction: -1  [X]
FC Koln VS. Werder Bremen => 0 ||| W: 0.51, L: 0.29, D: 0.20, Prediction: 1  [X]
Hamburg VS. Wolfsburg => -1 ||| W: 0.33, L: 0.36, D: 0.31, Prediction: -1  [O]
Hannover VS. Hoffenheim => 1 ||| W: 0.31, L: 0.44, D: 0.25, Prediction: -1  [X]
Hertha VS. Darmstadt => -1 ||| W: 0.54, L: 0.27, D: 0.19, Prediction: 1  [X]
Ingolstadt VS. Bayern Munich => -1 ||| W: 0.16, L: 0.75, D: 0.09, Prediction: -1  [O]
M'gladbach VS. Leverkusen => 1 ||| W: 0.33, L: 0.34, D: 0.33, Prediction: -1  [X]
Schalke 04 VS. Augsburg => 0 ||| W: 0.47, L: 0.30, D: 0.23, Prediction: 1  [X]
Stuttgart VS. Mainz => -1 ||| W: 0.30, L: 0.47, D: 0.23, Prediction: -1  [O]
Augsburg VS. Hamburg => -1 ||| W: 0.33, L: 0.35, D: 0.32, Prediction: -1  [O]
Bayern Munich VS. Hannover => 1 ||| W: 0.85, L: 0.09, D: 0.05, Prediction: 1  [O]
Darmstadt VS. M'gladbach => -1 ||| W: 0.31, L: 0.44, D: 0.25, Prediction: -1  [O]
Dortmund VS. FC Koln => 0 ||| W: 0.70, L: 0.19, D: 0.11, Prediction: 1  [X]
Hoffenheim VS. Schalke 04 => -1 ||| W: 0.27, L: 0.54, D: 0.19, Prediction: -1  [O]
Leverkusen VS. Ingolstadt => 1 ||| W: 0.43, L: 0.32, D: 0.26, Prediction: 1  [O]
Mainz VS. Hertha => 0 ||| W: 0.27, L: 0.55, D: 0.18, Prediction: -1  [X]
Werder Bremen VS. Ein Frankfurt => 1 ||| W: 0.30, L: 0.48, D: 0.22, Prediction: -1  [X]
Wolfsburg VS. Stuttgart => 1 ||| W: 0.51, L: 0.29, D: 0.20, Prediction: 1  [O]

Correct: 73.0  Incorrect: 80.0 Percentage: 47.7124183007
Mean of Expected : 0.510814817638



-x--x--x--x--x--x--x--x--x--x--x--x--x--x--x-






















Tue_May_24_18:08:39_2016
==============================
Algorithm             : Gibbs
Dataset Name          : Football
# of matches          : 153
# of players          : 18
# of teams            : 18
# of iterations       : 100
Elapsed time(seconds) : 1
Deviation in proposal : None
Proposals accepted    : None
Proposals rejected    : None

Reel Skills
==============================
0. Wolfsburg - None
1. Werder Bremen - None
2. Bayern Munich - None
3. Darmstadt - None
4. Dortmund - None
5. Ein Frankfurt - None
6. FC Koln - None
7. Hamburg - None
8. Hannover - None
9. Hertha - None
10. Hoffenheim - None
11. Ingolstadt - None
12. Leverkusen - None
13. M'gladbach - None
14. Mainz - None
15. Schalke 04 - None
16. Stuttgart - None
17. Augsburg - None

Skills
==============================
0. Bayern Munich - 40.94
1. Dortmund - 32.45
2. Hertha - 24.86
3. M'gladbach - 21.66
4. Schalke 04 - 20.18
5. Leverkusen - 19.62
6. Wolfsburg - 18.80
7. FC Koln - 17.03
8. Ingolstadt - 16.48
9. Hamburg - 16.00
10. Darmstadt - 15.22
11. Mainz - 15.21
12. Ein Frankfurt - 13.85
13. Augsburg - 13.46
14. Hoffenheim - 13.05
15. Werder Bremen - 12.21
16. Stuttgart - 11.54
17. Hannover - 10.02

TEST
==============================
Hamburg VS. Bayern Munich => -1 ||| W: 0.17, L: 0.74, D: 0.09, Prediction: -1  [O]
FC Koln VS. Stuttgart => -1 ||| W: 0.44, L: 0.31, D: 0.25, Prediction: 1  [X]
Hannover VS. Darmstadt => -1 ||| W: 0.32, L: 0.43, D: 0.25, Prediction: -1  [O]
Hertha VS. Augsburg => 0 ||| W: 0.54, L: 0.27, D: 0.19, Prediction: 1  [X]
Hoffenheim VS. Leverkusen => 0 ||| W: 0.31, L: 0.46, D: 0.24, Prediction: -1  [X]
Ingolstadt VS. Mainz => 1 ||| W: 0.36, L: 0.33, D: 0.31, Prediction: 1  [O]
M'gladbach VS. Dortmund => -1 ||| W: 0.28, L: 0.53, D: 0.19, Prediction: -1  [O]
Ein Frankfurt VS. Wolfsburg => 1 ||| W: 0.32, L: 0.43, D: 0.26, Prediction: -1  [X]
Schalke 04 VS. Werder Bremen => -1 ||| W: 0.48, L: 0.30, D: 0.22, Prediction: 1  [X]
Mainz VS. M'gladbach => 1 ||| W: 0.31, L: 0.45, D: 0.24, Prediction: -1  [X]
Augsburg VS. Ein Frankfurt => 0 ||| W: 0.33, L: 0.34, D: 0.32, Prediction: -1  [X]
Darmstadt VS. Schalke 04 => -1 ||| W: 0.32, L: 0.43, D: 0.26, Prediction: -1  [O]
Dortmund VS. Ingolstadt => 1 ||| W: 0.62, L: 0.24, D: 0.15, Prediction: 1  [O]
Leverkusen VS. Hannover => 1 ||| W: 0.51, L: 0.29, D: 0.20, Prediction: 1  [O]
Stuttgart VS. Hamburg => 1 ||| W: 0.32, L: 0.42, D: 0.26, Prediction: -1  [X]
Werder Bremen VS. Hertha => 0 ||| W: 0.26, L: 0.56, D: 0.18, Prediction: -1  [X]
Bayern Munich VS. Hoffenheim => 1 ||| W: 0.77, L: 0.15, D: 0.08, Prediction: 1  [O]
Wolfsburg VS. FC Koln => 0 ||| W: 0.37, L: 0.33, D: 0.30, Prediction: 1  [X]
M'gladbach VS. Werder Bremen => 1 ||| W: 0.51, L: 0.29, D: 0.21, Prediction: 1  [O]
Ein Frankfurt VS. Stuttgart => -1 ||| W: 0.38, L: 0.33, D: 0.29, Prediction: 1  [X]
Hannover VS. Mainz => -1 ||| W: 0.32, L: 0.43, D: 0.25, Prediction: -1  [O]
Hertha VS. Dortmund => 0 ||| W: 0.30, L: 0.47, D: 0.23, Prediction: -1  [X]
Ingolstadt VS. Augsburg => 1 ||| W: 0.39, L: 0.33, D: 0.28, Prediction: 1  [O]
Leverkusen VS. Bayern Munich => 0 ||| W: 0.19, L: 0.69, D: 0.11, Prediction: -1  [X]
Schalke 04 VS. Wolfsburg => 1 ||| W: 0.36, L: 0.33, D: 0.31, Prediction: 1  [O]
Hamburg VS. FC Koln => 0 ||| W: 0.33, L: 0.35, D: 0.31, Prediction: -1  [X]
Hoffenheim VS. Darmstadt => -1 ||| W: 0.33, L: 0.37, D: 0.30, Prediction: -1  [O]
Mainz VS. Schalke 04 => 1 ||| W: 0.32, L: 0.43, D: 0.26, Prediction: -1  [X]
Darmstadt VS. Leverkusen => -1 ||| W: 0.32, L: 0.42, D: 0.26, Prediction: -1  [O]
Dortmund VS. Hannover => 1 ||| W: 0.71, L: 0.18, D: 0.11, Prediction: 1  [O]
FC Koln VS. Ein Frankfurt => 1 ||| W: 0.39, L: 0.33, D: 0.28, Prediction: 1  [O]
Stuttgart VS. Hertha => 1 ||| W: 0.26, L: 0.57, D: 0.17, Prediction: -1  [X]
Werder Bremen VS. Hoffenheim => 0 ||| W: 0.33, L: 0.35, D: 0.32, Prediction: -1  [X]
Wolfsburg VS. Ingolstadt => 1 ||| W: 0.38, L: 0.33, D: 0.29, Prediction: 1  [O]
Augsburg VS. Bayern Munich => -1 ||| W: 0.15, L: 0.77, D: 0.08, Prediction: -1  [O]
Hamburg VS. M'gladbach => 1 ||| W: 0.31, L: 0.44, D: 0.25, Prediction: -1  [X]
Ein Frankfurt VS. Hamburg => 0 ||| W: 0.33, L: 0.37, D: 0.30, Prediction: -1  [X]
Bayern Munich VS. Darmstadt => 1 ||| W: 0.75, L: 0.16, D: 0.09, Prediction: 1  [O]
Hertha VS. Wolfsburg => 0 ||| W: 0.45, L: 0.31, D: 0.24, Prediction: 1  [X]
Hoffenheim VS. Mainz => 1 ||| W: 0.33, L: 0.37, D: 0.30, Prediction: -1  [X]
Ingolstadt VS. Werder Bremen => 1 ||| W: 0.41, L: 0.32, D: 0.27, Prediction: 1  [O]
M'gladbach VS. FC Koln => 1 ||| W: 0.42, L: 0.32, D: 0.26, Prediction: 1  [O]
Hannover VS. Augsburg => -1 ||| W: 0.32, L: 0.40, D: 0.28, Prediction: -1  [O]
Leverkusen VS. Dortmund => -1 ||| W: 0.26, L: 0.56, D: 0.17, Prediction: -1  [O]
Schalke 04 VS. Stuttgart => 0 ||| W: 0.49, L: 0.29, D: 0.21, Prediction: 1  [X]
FC Koln VS. Hertha => -1 ||| W: 0.30, L: 0.48, D: 0.22, Prediction: -1  [O]
Hamburg VS. Ingolstadt => 0 ||| W: 0.33, L: 0.34, D: 0.32, Prediction: -1  [X]
Stuttgart VS. Hannover => -1 ||| W: 0.36, L: 0.33, D: 0.31, Prediction: 1  [X]
Werder Bremen VS. Darmstadt => 0 ||| W: 0.33, L: 0.39, D: 0.28, Prediction: -1  [X]
Wolfsburg VS. Bayern Munich => -1 ||| W: 0.19, L: 0.70, D: 0.11, Prediction: -1  [O]
Augsburg VS. M'gladbach => 0 ||| W: 0.30, L: 0.48, D: 0.22, Prediction: -1  [X]
Dortmund VS. Hoffenheim => 1 ||| W: 0.67, L: 0.21, D: 0.13, Prediction: 1  [O]
Ein Frankfurt VS. Schalke 04 => 0 ||| W: 0.31, L: 0.45, D: 0.24, Prediction: -1  [X]
Mainz VS. Leverkusen => 1 ||| W: 0.32, L: 0.42, D: 0.26, Prediction: -1  [X]
Hannover VS. Wolfsburg => -1 ||| W: 0.29, L: 0.49, D: 0.21, Prediction: -1  [O]
Ingolstadt VS. FC Koln => 0 ||| W: 0.33, L: 0.35, D: 0.32, Prediction: -1  [X]
Bayern Munich VS. Mainz => -1 ||| W: 0.75, L: 0.16, D: 0.09, Prediction: 1  [X]
Darmstadt VS. Dortmund => -1 ||| W: 0.23, L: 0.63, D: 0.14, Prediction: -1  [O]
Hertha VS. Ein Frankfurt => 1 ||| W: 0.53, L: 0.28, D: 0.19, Prediction: 1  [O]
Hoffenheim VS. Augsburg => 1 ||| W: 0.33, L: 0.34, D: 0.32, Prediction: -1  [X]
Leverkusen VS. Werder Bremen => -1 ||| W: 0.47, L: 0.30, D: 0.23, Prediction: 1  [X]
M'gladbach VS. Stuttgart => 1 ||| W: 0.52, L: 0.28, D: 0.20, Prediction: 1  [O]
Schalke 04 VS. Hamburg => 1 ||| W: 0.41, L: 0.32, D: 0.27, Prediction: 1  [O]
Augsburg VS. Leverkusen => 0 ||| W: 0.31, L: 0.45, D: 0.24, Prediction: -1  [X]
Dortmund VS. Bayern Munich => 0 ||| W: 0.29, L: 0.49, D: 0.22, Prediction: -1  [X]
Ein Frankfurt VS. Ingolstadt => 0 ||| W: 0.33, L: 0.38, D: 0.29, Prediction: -1  [X]
FC Koln VS. Schalke 04 => -1 ||| W: 0.33, L: 0.39, D: 0.28, Prediction: -1  [O]
Stuttgart VS. Hoffenheim => 1 ||| W: 0.33, L: 0.36, D: 0.31, Prediction: -1  [X]
Werder Bremen VS. Hannover => 1 ||| W: 0.38, L: 0.33, D: 0.30, Prediction: 1  [O]
Wolfsburg VS. M'gladbach => 1 ||| W: 0.33, L: 0.39, D: 0.29, Prediction: -1  [X]
Hamburg VS. Hertha => 1 ||| W: 0.29, L: 0.50, D: 0.21, Prediction: -1  [X]
Mainz VS. Darmstadt => 0 ||| W: 0.33, L: 0.34, D: 0.33, Prediction: -1  [X]
Hertha VS. Schalke 04 => 1 ||| W: 0.42, L: 0.32, D: 0.26, Prediction: 1  [O]
Bayern Munich VS. Werder Bremen => 1 ||| W: 0.78, L: 0.14, D: 0.08, Prediction: 1  [O]
Darmstadt VS. Augsburg => 0 ||| W: 0.37, L: 0.33, D: 0.30, Prediction: 1  [X]
Hannover VS. FC Koln => -1 ||| W: 0.30, L: 0.46, D: 0.23, Prediction: -1  [O]
Hoffenheim VS. Wolfsburg => 1 ||| W: 0.31, L: 0.44, D: 0.25, Prediction: -1  [X]
Ingolstadt VS. Stuttgart => 0 ||| W: 0.43, L: 0.32, D: 0.26, Prediction: 1  [X]
M'gladbach VS. Ein Frankfurt => 1 ||| W: 0.48, L: 0.30, D: 0.22, Prediction: 1  [O]
Dortmund VS. Mainz => 1 ||| W: 0.63, L: 0.23, D: 0.14, Prediction: 1  [O]
Leverkusen VS. Hamburg => 1 ||| W: 0.40, L: 0.32, D: 0.28, Prediction: 1  [O]
Schalke 04 VS. M'gladbach => 1 ||| W: 0.33, L: 0.36, D: 0.31, Prediction: -1  [X]
Ein Frankfurt VS. Hannover => 1 ||| W: 0.41, L: 0.32, D: 0.27, Prediction: 1  [O]
FC Koln VS. Bayern Munich => -1 ||| W: 0.17, L: 0.73, D: 0.10, Prediction: -1  [O]
Hamburg VS. Hoffenheim => -1 ||| W: 0.39, L: 0.33, D: 0.28, Prediction: 1  [X]
Hertha VS. Ingolstadt => 1 ||| W: 0.49, L: 0.30, D: 0.22, Prediction: 1  [O]
Werder Bremen VS. Mainz => 0 ||| W: 0.33, L: 0.39, D: 0.28, Prediction: -1  [X]
Wolfsburg VS. Darmstadt => 0 ||| W: 0.40, L: 0.32, D: 0.28, Prediction: 1  [X]
Augsburg VS. Dortmund => -1 ||| W: 0.21, L: 0.66, D: 0.13, Prediction: -1  [O]
Stuttgart VS. Leverkusen => -1 ||| W: 0.30, L: 0.48, D: 0.22, Prediction: -1  [O]
Leverkusen VS. Wolfsburg => 1 ||| W: 0.35, L: 0.33, D: 0.32, Prediction: 1  [O]
Bayern Munich VS. Ein Frankfurt => 1 ||| W: 0.76, L: 0.15, D: 0.09, Prediction: 1  [O]
Darmstadt VS. Stuttgart => 0 ||| W: 0.40, L: 0.32, D: 0.27, Prediction: 1  [X]
Dortmund VS. Werder Bremen => 1 ||| W: 0.68, L: 0.20, D: 0.12, Prediction: 1  [O]
Hannover VS. Hamburg => -1 ||| W: 0.31, L: 0.44, D: 0.24, Prediction: -1  [O]
Ingolstadt VS. Schalke 04 => 1 ||| W: 0.32, L: 0.40, D: 0.27, Prediction: -1  [X]
Mainz VS. Augsburg => 1 ||| W: 0.37, L: 0.33, D: 0.30, Prediction: 1  [O]
Hoffenheim VS. FC Koln => 0 ||| W: 0.32, L: 0.41, D: 0.27, Prediction: -1  [X]
M'gladbach VS. Hertha => 1 ||| W: 0.32, L: 0.39, D: 0.28, Prediction: -1  [X]
Hertha VS. Hannover => 0 ||| W: 0.60, L: 0.25, D: 0.16, Prediction: 1  [X]
Ein Frankfurt VS. Hoffenheim => -1 ||| W: 0.35, L: 0.33, D: 0.32, Prediction: 1  [X]
Hamburg VS. Darmstadt => -1 ||| W: 0.35, L: 0.33, D: 0.32, Prediction: 1  [X]
Ingolstadt VS. M'gladbach => 1 ||| W: 0.32, L: 0.43, D: 0.25, Prediction: -1  [X]
Stuttgart VS. Bayern Munich => -1 ||| W: 0.14, L: 0.79, D: 0.08, Prediction: -1  [O]
Werder Bremen VS. Augsburg => -1 ||| W: 0.33, L: 0.36, D: 0.31, Prediction: -1  [O]
Wolfsburg VS. Mainz => 0 ||| W: 0.40, L: 0.32, D: 0.28, Prediction: 1  [X]
FC Koln VS. Leverkusen => -1 ||| W: 0.33, L: 0.38, D: 0.29, Prediction: -1  [O]
Schalke 04 VS. Dortmund => 0 ||| W: 0.27, L: 0.56, D: 0.18, Prediction: -1  [X]
Hannover VS. M'gladbach => 1 ||| W: 0.27, L: 0.54, D: 0.18, Prediction: -1  [X]
Augsburg VS. Stuttgart => 1 ||| W: 0.37, L: 0.33, D: 0.30, Prediction: 1  [O]
Bayern Munich VS. Schalke 04 => 1 ||| W: 0.69, L: 0.20, D: 0.12, Prediction: 1  [O]
Darmstadt VS. Ingolstadt => 1 ||| W: 0.33, L: 0.36, D: 0.31, Prediction: -1  [X]
Hoffenheim VS. Hertha => 1 ||| W: 0.27, L: 0.55, D: 0.18, Prediction: -1  [X]
Leverkusen VS. Ein Frankfurt => 1 ||| W: 0.44, L: 0.31, D: 0.25, Prediction: 1  [O]
Werder Bremen VS. Wolfsburg => 1 ||| W: 0.31, L: 0.46, D: 0.24, Prediction: -1  [X]
Dortmund VS. Hamburg => 1 ||| W: 0.62, L: 0.23, D: 0.14, Prediction: 1  [O]
Mainz VS. FC Koln => -1 ||| W: 0.33, L: 0.37, D: 0.30, Prediction: -1  [O]
Hamburg VS. Werder Bremen => 1 ||| W: 0.40, L: 0.32, D: 0.27, Prediction: 1  [O]
FC Koln VS. Darmstadt => 1 ||| W: 0.37, L: 0.33, D: 0.30, Prediction: 1  [O]
Hertha VS. Bayern Munich => -1 ||| W: 0.24, L: 0.62, D: 0.15, Prediction: -1  [O]
Ingolstadt VS. Hannover => 0 ||| W: 0.45, L: 0.31, D: 0.24, Prediction: 1  [X]
Schalke 04 VS. Leverkusen => -1 ||| W: 0.35, L: 0.33, D: 0.32, Prediction: 1  [X]
Stuttgart VS. Dortmund => -1 ||| W: 0.20, L: 0.69, D: 0.12, Prediction: -1  [O]
Wolfsburg VS. Augsburg => -1 ||| W: 0.43, L: 0.31, D: 0.25, Prediction: 1  [X]
Ein Frankfurt VS. Mainz => 1 ||| W: 0.33, L: 0.36, D: 0.31, Prediction: -1  [X]
M'gladbach VS. Hoffenheim => 1 ||| W: 0.49, L: 0.29, D: 0.21, Prediction: 1  [O]
Augsburg VS. FC Koln => 0 ||| W: 0.32, L: 0.40, D: 0.28, Prediction: -1  [X]
Bayern Munich VS. M'gladbach => 0 ||| W: 0.67, L: 0.21, D: 0.13, Prediction: 1  [X]
Darmstadt VS. Ein Frankfurt => -1 ||| W: 0.36, L: 0.33, D: 0.31, Prediction: 1  [X]
Dortmund VS. Wolfsburg => 1 ||| W: 0.58, L: 0.25, D: 0.17, Prediction: 1  [O]
Hannover VS. Schalke 04 => -1 ||| W: 0.28, L: 0.52, D: 0.20, Prediction: -1  [O]
Hoffenheim VS. Ingolstadt => 1 ||| W: 0.32, L: 0.40, D: 0.28, Prediction: -1  [X]
Leverkusen VS. Hertha => 1 ||| W: 0.31, L: 0.43, D: 0.25, Prediction: -1  [X]
Mainz VS. Hamburg => 0 ||| W: 0.33, L: 0.35, D: 0.32, Prediction: -1  [X]
Werder Bremen VS. Stuttgart => 1 ||| W: 0.35, L: 0.33, D: 0.32, Prediction: 1  [O]
Ein Frankfurt VS. Dortmund => 1 ||| W: 0.21, L: 0.66, D: 0.13, Prediction: -1  [X]
FC Koln VS. Werder Bremen => 0 ||| W: 0.42, L: 0.32, D: 0.26, Prediction: 1  [X]
Hamburg VS. Wolfsburg => -1 ||| W: 0.33, L: 0.39, D: 0.29, Prediction: -1  [O]
Hannover VS. Hoffenheim => 1 ||| W: 0.33, L: 0.39, D: 0.28, Prediction: -1  [X]
Hertha VS. Darmstadt => -1 ||| W: 0.51, L: 0.29, D: 0.20, Prediction: 1  [X]
Ingolstadt VS. Bayern Munich => -1 ||| W: 0.17, L: 0.73, D: 0.10, Prediction: -1  [O]
M'gladbach VS. Leverkusen => 1 ||| W: 0.37, L: 0.33, D: 0.30, Prediction: 1  [O]
Schalke 04 VS. Augsburg => 0 ||| W: 0.46, L: 0.31, D: 0.24, Prediction: 1  [X]
